                PC      BP      SP      Stack
Initial values: 10      499     500

  JMP 0 76      76       499     500
  INC 0 5       79       499     495     0 0 0 0 0
  CAL 0 13      13       494     495     0 0 0 0 0
  JMP 0 61      61       494     495     0 0 0 0 0
  INC 0 4       64       494     491     0 0 0 0 0 | 499 499 82 0
  CAL 0 16      16       490     491     0 0 0 0 0 | 499 499 82 0
  JMP 0 19      19       490     491     0 0 0 0 0 | 499 499 82 0
  INC 0 4       22       490     487     0 0 0 0 0 | 499 499 82 0 | 494 494 67 0
  LOD 0 3       25       490     486     0 0 0 0 0 | 499 499 82 0 | 494 494 67 0 0
  LIT 0 5       28       490     485     0 0 0 0 0 | 499 499 82 0 | 494 494 67 0 0 5
  ADD 0 1       31       490     486     0 0 0 0 0 | 499 499 82 0 | 494 494 67 0 5
  STO 0 3       34       490     487     0 0 0 0 0 | 499 499 82 0 | 494 494 67 5
  LOD 2 4       37       490     486     0 0 0 0 0 | 499 499 82 0 | 494 494 67 5 0
  LIT 0 2       40       490     485     0 0 0 0 0 | 499 499 82 0 | 494 494 67 5 0 2
  ADD 0 1       43       490     486     0 0 0 0 0 | 499 499 82 0 | 494 494 67 5 2
  STO 2 4       46       490     487     0 0 0 0 2 | 499 499 82 0 | 494 494 67 5
  LOD 0 3       49       490     486     0 0 0 0 2 | 499 499 82 0 | 494 494 67 5 5
  LOD 2 4       52       490     485     0 0 0 0 2 | 499 499 82 0 | 494 494 67 5 5 2
  ADD 0 1       55       490     486     0 0 0 0 2 | 499 499 82 0 | 494 494 67 5 7
  STO 1 3       58       490     487     0 0 0 0 2 | 499 499 82 7 | 494 494 67 5
  RTN 0 0       67       494     491     0 0 0 0 2 | 499 499 82 7
  LOD 0 3       70       494     490     0 0 0 0 2 | 499 499 82 7 7
Output result is: 7
  SYS 0 1       73       494     491     0 0 0 0 2 | 499 499 82 7
  RTN 0 0       82       499     495     0 0 0 0 2
  LOD 0 3       85       499     494     0 0 0 0 2 0
Output result is: 0
  SYS 0 1       88       499     495     0 0 0 0 2
  LOD 0 4       91       499     494     0 0 0 0 2 2
Output result is: 2
  SYS 0 1       94       499     495     0 0 0 0 2
  SYS 0 3       97       499     495     0 0 0 0 2